7.541243767885499
7.547077586427717
7.557306012619202
7.569413071560492
7.580432788137894
7.587676900154191
7.589384057656676
7.585139851974351
7.575975028725408
7.564120775494508
7.552474072079923
7.543893385093983
7.540492471993818
7.543110946420473
7.551102269836711
7.562497093240365
7.574497241358599
7.584168424634747
7.589155133947196
7.588246035903178
7.581661798408118
7.571002805699534
7.558867989453678
7.548228418822174
7.541699906186259
7.540892571480921
7.546005793966601
7.5557778066385985
7.567803761580897
7.57913586802561
7.587008195161328
7.589505964364804
7.586022787613364
7.577404433269367
7.565748169601019
7.553901007507129
7.544768993992456
7.5406007539955935
7.542425152883721
7.5497916730816845
7.560884277316188
7.572977552138704
7.583112750080401
7.588820191663526
7.588713118903253
7.582817521246742
7.572565978208445
7.560456840296293
7.549453188590455
7.542258958974782
7.54064787819438
7.545017795652696
7.554290123381807
7.566181952048061
7.577776715630573
7.586242839625208
7.589520322424736
7.586813375123958
7.578779189804799
7.567372109341956
7.555376763276803
7.54573388570646
7.540816836538161
7.541839051072517
7.548548086285096
7.559289438877268
7.571422629746479
7.5819774427432955
7.588380691783972
7.589076111386673
7.583894902113318
7.574095724297645
7.562065554022374
7.550746467914387
7.542918441918701
7.540510775923869
7.544117975805722
7.552849539618005
7.564554778771165
7.57636128406607
7.585384175040792
7.5894270692212755
7.587508162568005
7.580093276005897
7.568985448311584
7.556894814325507
7.5467837780098845
7.541139758902398
7.5413552453619275
7.547377019935504
7.557719614285449
7.5698393016186145
7.580767467279162
7.587838551646733
7.589333429965534
7.584889231168203
7.575585330076637
7.563687036356332
7.552102528230015
7.543675425102864
7.5404818742677735
