4.869478511374236
4.873342077802349
4.877228358769811
4.881000528973457
4.884455384797636
4.887325330868553
4.893034474041446
4.893685910091006
4.896340748696826
4.9004988226457415
4.901868535411428
4.903611056950176
4.905102722911485
4.905689078565634
4.9046900393966
4.9051487362614345
4.9063519907597986
4.907579952229885
4.908113151762119
4.907238500598268
4.904254199894495
4.9059640549599575
4.90422560207061
4.9021554007648245
4.8991634144677585
4.898449494878816
4.895765445478308
4.894410963535171
4.890240423888926
4.886669913049941
4.883427839169937
4.880306637985129
4.877164973872419
4.8739292536244045
4.866823484969071
4.852112506573324
4.829860306144095
4.800164389490243
4.763156254499226
4.719002047598332
4.667903421036436
4.610098614124598
4.54586378628331
4.475514634109004
4.399408328249115
4.317945807932018
4.231574470380305
4.140791287276347
4.046146368320767
3.948246968927094
3.84776189990268
3.74542623439486
3.642046112253987
3.538503303472722
3.435758999503079
3.334856046238662
3.2369185172411266
3.1431471729090332
3.0548090189439967
2.973218975962719
2.8997117723876173
2.835602789815018
2.7821379187424644
2.740434573496668
2.7114186180743896
2.695764420216334
2.6938466288920826
2.7057116786750783
2.7310741719143397
2.76933881414435
2.8196438813371527
2.8809187899305284
2.9519471136704696
3.0314272952408503
3.1180255656760747
3.2104182313068432
3.3073227624854797
3.407518663527236
3.5098599017651146
3.6132808949792063
3.716797919088392
3.8195074883458324
3.920582905323424
4.019269848831166
4.114881595357682
4.206794260023794
4.294442290507593
4.377314341365498
4.454949585568472
4.526934475195409
4.592899936340684
4.652518968586956
4.70550461267991
4.7516082483995525
4.790618186075238
4.822358518434945
4.846688203680136
4.863500355323281
4.868952346446983
4.8667731213183405
4.860716704162244
