7.016163955639114
7.015931745519756
7.015705848522837
7.015486829909792
7.0152752377824
7.015071601706139
7.014876431379588
7.014690215353304
7.014513419801433
7.014346487349207
7.014189835959318
7.014043857880042
7.0139089186577985
7.013785356216698
7.013673480007434
7.013573570227717
7.013485877116271
7.013410620322189
7.013347988351297
7.013298138090956
7.013261194414514
7.013237249866442
7.013226364428982
7.01322856537088
7.013243847178619
7.013272171570326
7.013313467592308
7.013367631797981
7.013434528508715
7.0135139901559285
7.013605817703544
7.013709781149722
7.013825620106552
7.013953044456238
7.014091735082051
7.014241344672192
7.014401498594467
7.014571795839545
7.014751810030354
7.014941090495043
7.015139163400719
7.015345532945102
7.015559682602995
7.015781076424419
7.016009160381084
7.016243363757752
7.016483100584967
7.016727771109496
7.016976763298747
7.017229454375363
7.0174852123780935
7.017743397745008
7.018003364915052
7.018264463943925
7.018526042130206
7.0187874456476465
7.0190480211795565
7.019307117551185
7.019564087356015
7.019818288571943
7.020069086163304
7.02031585366477
7.020557974743205
7.0207948447336
7.021025872145302
7.021250480134828
7.0214681079416295
7.021678212283278
7.021880268706665
7.022073772891888
7.022258241905634
7.022433215401021
7.02259825676094
7.022752954182132
7.022896921697362
7.023029800133192
7.023151258001046
7.0232609923193925
7.0233587293650634
7.023444225351877
7.023517267034945
7.023577672239174
7.02362529031072
7.0236600024902724
7.023681722207293
7.023690395294483
7.023686000121972
7.023668547650901
7.0236380814062676
7.023594677369101
7.023538443788238
7.023469520912128
7.023388080641339
7.0232943261025875
7.023188491145335
7.023070839762146
7.022941665434221
7.022801290403694
7.02265006487444
7.0224883661433255
7.02231659766404
