6.790337765681369
6.794861942617738
6.798890601415584
6.802334220673218
6.805116403889685
6.807175512188944
6.808465974394106
6.808959251442751
6.8086444385585665
6.807528494976339
6.8056360973588115
6.8030091193674
6.799705746183814
6.795799239151511
6.791376372121905
6.7865355675298265
6.781384766627015
6.776039074568007
6.770618227018634
6.765243930445934
6.7600371330122355
6.7551152867700806
6.750589664362507
6.7465627944098765
6.743126078980747
6.740357653832526
6.7383205473852
6.737061187679749
6.736608298008572
6.736972211741361
6.738144625466306
6.74009879736944
6.742790185287437
6.74615750661522
6.750124190736622
6.754600184327888
6.759484061130609
6.764665380868022
6.77002723703607
6.7754489303716126
6.780808703812979
6.785986475562763
6.790866509216022
6.795339963566157
6.799307269369959
6.80268028577493
6.805384195045063
6.807359100463474
6.808561298685237
6.80896420425314
6.808558910409301
6.807354376712241
6.805377240307186
6.802671254020553
6.799296360787848
6.795327420300948
6.790852610181162
6.785971530423696
6.780793046253958
6.775432910777593
6.770011214738056
6.7646497161153265
6.7594691069658985
6.754586278549928
6.750111648140382
6.746146611698838
6.742781185609765
6.740091897730262
6.738139983063698
6.73696993243734
6.736608433805791
6.737063735479475
6.73832544906137
6.740364797619804
6.743135302137705
6.746573887083264
6.750602374546429
6.755129326226065
6.760052183993445
6.765259653051838
6.770634266995471
6.77605507136527
6.78140036152057
6.786550411627598
6.7913901340774645
6.795811612423702
6.7997164556958545
6.80301792743598
6.805642808781898
6.807532961187244
6.808646560772873
6.808958982743723
6.8084633207211835
6.807170532212668
6.805109207775177
6.802324967753024
6.798879496811555
6.79484923287056
6.790323733465429
6.785403749002354
6.780199038757754
